218.41362435105387 200.6871236258944
336.4078875236406 307.9388698904554
295.52286925301803 472.45240653858724
359.5687150511707 223.1997732342717
327.432424342348 333.04786491118034
89.11193239737526 139.98786798801248
171.03465912077186 348.8793248864906
406.90611511471127 187.82961006751148
49.24239608745234 346.9813997956177
248.81006700966606 214.00440304922103
88.74861976605014 285.98645409385637
67.55004965377348 422.8630445317924
41.60145778130126 199.58986542453272
179.36467958614617 424.8133078900897
166.01489966730375 282.3398815260365
449.48926668572295 199.1547504731513
44.269499173286874 331.76514004048164
199.5761105916017 319.0364775651727
272.09660490579284 24.272882442265832
256.32599080804175 467.38450939422125
342.2494107525049 25.321396404080375
83.3255467920958 104.75198446876344
320.60637478427526 270.0706397885848
452.9591701924871 124.93324960978047
149.06625051440358 466.54782059381836
64.04815331101099 433.74655662075753
45.580709889085526 221.0692208136812
179.82648256523785 84.44374860672482
170.98907446398738 202.31910532470914
127.58294345836346 168.0258706673692
419.26842624812434 202.59770925969744
389.2130815579179 495.6075208945819
406.9937020598178 376.443154384443
75.54016377540823 248.63803224862642
264.7861815713551 434.7340717917725
483.6038742967107 433.98152544463767
484.57312764675544 190.24971140245566
59.73221002049417 323.5091222334796
54.7847092293845 424.9693554702577
204.52833434812229 186.107352414293
190.99757441534626 319.5551865786456
438.17655078002474 97.52821080231267
51.121267789597525 218.62338494087908
407.86783676270744 196.05963607288186
388.7280225891563 187.9953687251284
114.77398304514969 4.168543626699883
328.15350764118 183.66043593303965
60.48129592877133 463.9483378757764
130.04366257232823 349.0892173338362
134.62937049125705 190.11440658024787
